<svg width="24" height="24" viewBox="0 0 24 24" fill="none" xmlns="http://www.w3.org/2000/svg">
<g clip-path="url(#clip0_2359:23929)">
<path fill-rule="evenodd" clip-rule="evenodd" d="M11.3697 4.08347C11.7819 3.96437 12.2181 3.96437 12.6303 4.08347C12.9071 4.16345 13.1372 4.3003 13.3478 4.45186C13.5439 4.5929 13.7641 4.77779 14.011 4.98498L17.8151 8.17765C17.8345 8.19397 17.8539 8.21019 17.8732 8.22634C18.1342 8.44483 18.3806 8.65106 18.5644 8.91564C18.7253 9.14738 18.845 9.40675 18.9177 9.68163C19.0008 9.99547 19.0004 10.3225 18.9999 10.6689C18.9999 10.6945 18.9999 10.7202 18.9999 10.746V18.7042C18.9999 18.7086 18.9999 18.7132 18.9999 18.718C18.9999 18.7752 19 18.8625 18.9937 18.9424C18.986 19.0393 18.9648 19.2 18.8794 19.3727C18.7734 19.5868 18.6044 19.7609 18.3964 19.8701C18.2287 19.958 18.0727 19.9798 17.9786 19.9877C17.901 19.9943 17.8162 19.9942 17.7607 19.9941C17.756 19.9941 17.7515 19.9941 17.7473 19.9941H13.9158C13.914 19.9941 13.9119 19.9941 13.9095 19.9941C13.884 19.9942 13.8232 19.9943 13.7651 19.9894C13.6915 19.9833 13.5506 19.9649 13.3961 19.8838C13.2112 19.7868 13.0609 19.6321 12.9667 19.4417C12.888 19.2826 12.8702 19.1375 12.8642 19.0617C12.8594 19.0019 12.8596 18.9393 12.8596 18.913C12.8596 18.9105 12.8596 18.9083 12.8596 18.9065V14.6827H11.1404V18.9065C11.1404 18.9083 11.1404 18.9105 11.1404 18.913C11.1404 18.9393 11.1406 19.0019 11.1358 19.0617C11.1298 19.1375 11.112 19.2826 11.0333 19.4417C10.9391 19.6321 10.7888 19.7868 10.6039 19.8838C10.4494 19.9649 10.3085 19.9833 10.2349 19.9894C10.1768 19.9943 10.116 19.9942 10.0905 19.9941C10.0881 19.9941 10.086 19.9941 10.0842 19.9941H6.25274C6.2485 19.9941 6.24403 19.9941 6.23935 19.9941C6.1838 19.9942 6.09897 19.9943 6.02142 19.9877C5.92731 19.9798 5.77126 19.958 5.60361 19.8701C5.39564 19.7609 5.22656 19.5868 5.1206 19.3727C5.03517 19.2 5.01402 19.0393 5.00633 18.9424C5 18.8625 5.00007 18.7752 5.00013 18.718C5.00013 18.7132 5.00013 18.7086 5.00013 18.7042V10.746C5.00013 10.7202 5.0001 10.6945 5.00007 10.6689C4.99961 10.3225 4.99919 9.99547 5.08225 9.68163C5.15501 9.40675 5.27465 9.14738 5.43561 8.91564C5.61937 8.65107 5.86578 8.44483 6.12682 8.22634C6.14612 8.21019 6.1655 8.19397 6.18494 8.17765L9.98905 4.98495C10.2359 4.77778 10.4562 4.59289 10.6522 4.45186C10.8628 4.3003 11.0929 4.16345 11.3697 4.08347ZM12.1659 5.78812C12.0574 5.75678 11.9426 5.75678 11.8341 5.78812C11.8157 5.79344 11.7655 5.81062 11.6369 5.90316C11.4994 6.00209 11.3287 6.14462 11.0535 6.3756L7.2711 9.55006C6.91551 9.8485 6.86612 9.89937 6.834 9.94563C6.79164 10.0066 6.76015 10.0749 6.74101 10.1472C6.72649 10.2021 6.7194 10.2736 6.7194 10.746V18.2236H9.4211V13.9998C9.4211 13.998 9.4211 13.9958 9.42109 13.9933C9.42103 13.9671 9.42088 13.9044 9.42563 13.8446C9.43165 13.7688 9.44945 13.6237 9.52818 13.4646C9.62237 13.2742 9.77266 13.1195 9.95752 13.0225C10.112 12.9414 10.2529 12.9231 10.3266 12.9169C10.3846 12.912 10.4454 12.9121 10.4709 12.9122C10.4734 12.9122 10.4755 12.9122 10.4772 12.9122H13.5228C13.5245 12.9122 13.5266 12.9122 13.5291 12.9122C13.5546 12.9121 13.6154 12.912 13.6734 12.9169C13.7471 12.9231 13.888 12.9414 14.0425 13.0225C14.2273 13.1195 14.3776 13.2742 14.4718 13.4646C14.5505 13.6237 14.5684 13.7688 14.5744 13.8446C14.5791 13.9044 14.579 13.967 14.5789 13.9933C14.5789 13.9958 14.5789 13.998 14.5789 13.9998V18.2236H17.2806V10.746C17.2806 10.2736 17.2735 10.2021 17.259 10.1472C17.2398 10.0749 17.2084 10.0066 17.166 9.94563C17.1339 9.89937 17.0845 9.8485 16.7289 9.55006L12.9465 6.3756C12.6713 6.14462 12.5006 6.00209 12.3631 5.90316C12.2345 5.81062 12.1843 5.79344 12.1659 5.78812Z" fill="white"/>
</g>
<defs>
<clipPath id="clip0_2359:23929">
<rect width="24" height="24" fill="white"/>
</clipPath>
</defs>
</svg>
